1          A1        456       57        10        503       400       
2          A2        23        0         5         18        100       
3          A3        67        80        23        124       100       
4          A4        104       23        12        115       100       
5          A5        78        0         3         75        100       
6          A6        78        0         3         75        100     
7          A7        78        0         3         75        100     
8          A8        78        0         3         75        100     
9          A9        78        0         3         75        100     
10          A10        78        0         3         75        100     
11          A11        78        0         3         75        100     
12          A12        78        0         3         75        100     
